-1.150558
-0.4576188
-1.433723
0.2403922
-2.30733
-0.6161463
-2.292257
-0.5919585
-1.151647
-4.474422
-0.810821
-0.2717361
-4.451355
-2.837401
4.529962
1.158772
0.5056174
1.564936
1.931224
-0.541617
0.3524673
1.016579
1.058565
0.1565263
-0.6013352
-0.2625848
1.995735
0.6849433
-0.1280659
-1.593151
1.379321
0.0856002
-0.8159872
-0.9967541
0.6944268
0.7927086
0.9991112
-0.1445636
0.6446369
-2.110397
-1.137584
0.279066
2.085756
-0.008522406
0.9930863
1.033494
-0.9068842
0.7144254
-0.1676523
-1.351361
0.9141806
0.101052
0.4283805
0.5599774
0.4988385
-0.690696
-0.2592249
0.3176476
0.9634765
-0.7800467
-1.756403
0.2201784
0.3799522
-0.8547949
1.409469
2.37683
0.3105167
-1.520851
-1.940505
0.2024937
0.4121559
-2.395624
0.5743759
1.181255
0.2699617
-1.050225
-0.4864999
0.5035303
-0.3738431
-0.08553317
1.317775
0.7907683
-0.03351004
0.5517043
0.8962651
0.6587536
-1.338534
-1.146105
-1.057322
0.2378054
-0.5699918
-1.003221
-0.07758562
-1.775042
1.429473
-0.04329042
-1.175716
0.262474
0.5402637
-1.435479
0.9301447
-2.816841
1.098958
-0.1244532
-0.2226835
-0.8236939
-2.016056
-0.1469039
1.105506
1.335757
1.211914
-0.0442878
0.1328387
0.7933064
-0.6164924
-2.142936
0.4502496
-0.6851726
0.7211024
1.249584
-0.5692947
1.108885
0.3522946
1.872451
3.359665
-1.107401
1.032279
1.541047
0.1478729
0.1558844
-1.154185
-1.08379
0.9842344
1.106088
-0.1149952
0.5000481
-1.292132
0.2564532
-0.8879913
-1.241441
0.6310212
0.150858
0.5761762
0.5563424
-0.3899441
0.01663672
-0.1414024
0
-1.163622
-0.1516843
1.298656
-2.247664
1.016438
0.7054053
1.857143
0.1313316
0.3194192
0.3999037
-0.7029115
-0.2628243
-0.4946444
0.9050007
-0.8884603
-0.2647779
1.013899
0.5235356
-0.2695961
0.6766836
-1.037292
-1.322323
2.180702
-0.489599
-0.8296144
1.473741
0.1137353
0.4212439
0.5080026
0.8888311
-0.5115096
-0.1523465
0.1924116
0.0960723
-0.6583325
-0.2015694
-0.09690239
-0.4453092
-0.5288761
-0.1878211
-0.5737645
-0.2057055
-0.9933895
-0.7934963
0.326513
-0.4943741
-0.5559369
-1.695165
-1.15789
1.569416
0.2392686
-2.7342
-0.466005
0.1145181
0.008792352
0.0791943
0.01759106
2.440934
1.71862
-0.8045848
-1.845161
-0.9573462
3.80933
-0.07578882
-1.229109
-2.846065
-0.4044936
-1.375029
-1.177068
-1.953143
2.502946
0.3947384
-3.600633
-3.67732
-2.881776
3.515299
-1.067776
0
4.67617
-0.6388594
-0.381565
-3.559092
-0.3872182
-3.453727
2.165154
1.91703
2.239808
0.9380916
-1.126777
-0.958319
2.318235
0.788703
0
1.786177
-2.714707
2.487466
0.2907641
-1.250776
0.4583089
0.8740848
-2.766586
-0.983381
-0.04707647
-3.986119
0.01957808
-0.7572235
1.450421
-0.4485457
0.7594168
0.9268277
-1.666718
-2.493205
-0.824866
-0.5063446
-0.05075096
-1.741853
-0.5493197
-3.619062
-1.629585
2.487974
3.464907
-0.03096003
-1.739004
2.418013
-1.383461
-1.108101
-1.728281
-2.490668
0.2628114
-1.58733
2.306529
3.572766
-2.600314
6.755832
-1.77448
1.422082
-0.8101444
1.413467
-1.149443
-0.9270972
-0.9771313
1.691042
0.4562818
-2.250724
1.590977
0.6597473
1.545889
1.296486
1.512603
0.04839217
-1.708605
-0.8405349
-1.975704
1.826636
-1.150315
2.208819
1.494395
-1.268303
-0.9371299
1.377977
2.414404
-0.4782217
-0.7796388
-2.366176
2.73267
0.5089652
0.4968437
-1.788688
-0.4570644
-1.127312
0.6974837
-2.59831
1.347263
-0.1289756
-0.1986852
-0.9493036
2.135679
-0.5024957
-2.13647
0.5534861
0.6003043
0.1848163
-0.1828048
0.3349071
-1.582891
1.481525
0.4149433
2.088938
0.09884812
1.227628
-1.574058
-1.367771
1.218927
-0.1291977
0.2085939
0.7611376
-0.9597734
0.4167163
-1.055071
-1.776733
-1.41555
0.6999953
-1.062227
-2.700756
0.4251957
-0.2442599
-0.06381995
0.8053344
1.560337
-1.454828
0.168533
-0.9730461
-1.455964
0.344505
0.4824443
-1.06447
1.459401
0.9436618
1.456196
-2.367908
0.1064324
0.6362711
-1.223088
-1.238224
-1.19894
0.1424346
1.54286
0.4303241
-1.459877
0.1632635
-1.148496
-0.7287177
-2.809479
-0.3310816
-1.16168
2.817433
0.4936438
2.781326
0.4236187
0.529722
0.6340846
2.392428
-3.296441
1.107382
0.05342294
-0.6754985
-0.647598
-1.91314
1.544306
1.638507
-0.5575418
1.335
1.285997
0.02092383
-0.3776758
-0.516354
-0.5721502
1.508076
1.361815
-0.6629955
1.434406
-0.3489592
1.439315
0.8778652
-0.7866947
-1.787847
1.75747
0.5756654
0.5122876
0.4099484
0.8643466
0.7587915
2.088775
-0.9272758
-1.51556
1.25321
0.7946445
-0.009643405
0.02896391
0.1735509
1.225611
-2.739896
0.9926976
-1.041627
1.33174
0.5681123
0.8604241
0.4748187
0.4725946
0.1884316
0.9274438
0.2421285
0.6028445
1.002806
0.6023612
-0.7214296
0.803284
1.632229
0.2679739
-0.5815292
1.451933
0.203203
-0.2828235
-1.193011
0.1342529
-1.11534
-0.7900065
-0.9986749
0.4593523
-0.7544562
0.02769792
0.5891767
1.954146
-0.5415229
1.820444
-0.472109
-0.519188
-0.5128888
-0.2167486
1.070118
-0.9436081
-0.7522736
-1.577139
1.558937
-0.7672739
-0.2386648
1.468918
0.1628979
1.249084
0.2586121
-0.4194901
-0.8353235
-0.8332659
-0.01820427
0.2906809
-0.9386236
-0.1557815
0.5942973
0.3094521
0.9586639
0.4221578
0.07169366
1.414043
-0.2298746
1.380054
-0.2184801
-0.1838939
0.1838939
-0.5790948
-0.4056064
-0.5226672
0.1774885
0.5834536
0.1057201
1.503123
1.301229
-0.1199203
0.196941
0.443895
0.1956842
-1.016694
0.5566115
0.4260872
0.288694
0.987141
0.6527181
1.045481
-0.3721347
-1.13315
0.2259898
-0.4860786
-1.293719
-0.4264541
1.273902
-1.273902
3.229341
-0.1573431
1.448205
1.040247
-0.1537148
-0.413816
0.6887269
0.419015
0.9842037
0.5241376
-0.955037
0.5979687
-0.5180145
1.065006
-0.3405187
-0.9805161
-1.273814
0.1945414
0.4444021
1.170151
-0.1195921
0.1116416
-0.7117633
0.5043417
0.549481
-0.5734362
-0.882461
0.9223999
-0.833811
-0.3790992
2.063581
0.5683563
-0.6792539
-1.734721
0.3943452
0.2406679
-0.6430964
1.074857
0.747159
0.1582589
0.8424332
0.156658
1.961094
0.2376562
0.1989069
0.2290115
-0.7193307
0.8336369
-0.4197877
-0.7215136
1.103206
0.3270756
-0.6705276
1.273243
-0.2351142
1.477363
-0.5627481
0.658758
0.2115698
0.2412642
-0.180892
1.66826
0.1927156
1.272857
0.2701594
1.906601
0.1501191
-1.005041
1.425568
-0.6350452
-0.02865208
-0.5816689
0.8605317
-0.6087674
-0.3598529
1.075665
1.205269
0.06341008
-1.076281
0.319844
-0.440925
-1.291263
0.1298753
-0.2599255
-0.2316248
0.1809845
-1.09092
0.4159569
1.868551
0.6270027
0.4323262
1.125203
-0.8779792
-0.1270666
1.910016
-1.395698
0.6653898
-1.229153
0.2822759
-0.3883451
-0.7456066
0.03561584
0.8160599
1.33381
-1.616915
-0.2128386
0.3190867
1.161377
-0.6458709
-0.6926436
-1.615814
-1.635032
0.8753458
-1.714082
0.9192798
2.064917
-0.03584278
-1.299663
-1.309412
0.7628628
-0.3953755
1.882252
-0.432904
1.435785
0.2135962
0.7087181
1.318956
0.285326
0
-0.3062417
0.1532366
-0.2090244
0.6465695
-1.290345
-1.037306
-0.6975385
1.065729
0.1059509
-1.386199
0.677714
0.7084846
-0.1413006
-0.02828
0.09894358
-1.86108
-1.078189
-0.4740289
1.018198
1.265469
1.094317
-2.142939
-2.744911
-2.593645
0.720909
0.640682
-1.057414
-0.08356705
-1.100339
1.054732
0.9835256
0.1278859
0.7341507
0.6398442
1.479652
-0.1828619
1.885491
-0.6052817
0.238226
0.2879929
-0.9680591
1.190705
2.185394
-0.5630489
-1.730007
1.177954
-2.435379
1.758851
-0.03574131
0.6412561
0.1774121
-0.3551247
0.04268091
0.6309746
0.3879254
-0.3667304
0.612833
-0.2109022
0.6313652
-1.266733
0.5579281
-1.661739
1.174597
-0.6389768
0.8440166
0.2891292
-0.494169
-0.5677879
-1.253363
0.8039569
0.07862201
0.0499909
-2.194556
0.5386666
-1.861142
0
0.6193302
0.1322187
0.1247235
0.3658825
0.4736775
-0.6564544
-0.01464023
-1.496904
-0.1487071
-0.1116664
0.8160332
-0.3330222
-1.118163
0.5978925
1.000938
0.07376257
0.7564293
-0.2344042
0.4682633
-0.8135256
-0.02207485
1.054336
0.07279866
0.2544178
-0.3636477
0.9282895
0.0865905
1.04036
-1.336512
1.386457
-0.04994514
-0.321719
0.74907
0.3547409
0.2475559
-1.444488
0.6572244
0.32702
-0.6265353
1.551965
-1.637699
-0.2719751
0.1289264
-0.502352
0.973681
0.3839891
0.3542178
1.5439
0.1530796
0.05562188
0.3745576
-0.6877675
0.6946835
0.24201
-1.146042
-0.7010347
-0.5290084
1.132183
0.3977853
-0.1951976
0.3830706
0.5822397
-0.6170119
-0.1043631
0.5553689
1.03307
0.2736783
0
0.1706898
0.7746204
1.177551
1.388405
0.4672919
-0.6984646
-0.251598
-0.1924165
1.083367
1.175713
0.09736055
-0.846906
1.267688
-0.2263586
-0.6495539
0.2928205
0.1947474
0.4529214
0.5793359
0.3204148
-0.6740489
1.724183
-0.1584016
0.5942966
-0.6133182
-0.5469434
-0.07018076
-0.4156539
-0.9852918
1.496622
0.03187954
0.6036624
-0.635542
-0.2873053
0.9101735
0.7008246
0.1508885
0.6542193
0.7827278
0.6643001
-0.4821139
0.0125563
0.5632097
-0.7202322
-1.935633
-0.06411524
0
-0.4498669
0.4498669
-0.1925535
0.7998794
-0.8641437
0.4810012
0.0767476
-1.041077
-0.6675841
0.3958997
0.1747414
0.03233355
1.201533
0.1468014
-0.2234676
0.4782407
0.6214765
0.1389789
-0.5444141
0.5128385
-0.633506
0
-0.2545299
1.033186
0.6912676
0.7735453
0.6689004
-0.8866404
0.2053088
0.4959784
-0.2352889
0.04958384
0.1547714
1.156297
-0.2326453
0.5501229
-0.7525949
0.04912466
1.734413
-0.4232121
0.2722769
-0.4542019
0.3272279
-0.02421648
-0.3212254
-0.6211586
0.1159945
-0.1159945
-0.2017935
-0.6817549
-1.152928
-0.6693254
-0.01883358
0
-1.041182
0.8149405
-0.04404814
-0.2331799
0.03154829
0.5346759
0.2819067
0.4058145
0
0.3731351
0.2479762
-1.058194
-1.322856
-1.231407
-0.3665926
1.318589
-1.286373
1.793802
-0.3549264
0.525603
-1.258439
-0.2689874
-1.355912
1.592909
-0.03200251
0.2173795
1.180815
0.1450378
-0.4357846
0.227603
-1.399063
0.4472772
-1.251014
-0.582719
0.4017994
-0.01294571
1.125606
0.07032304
-0.4227264
0.8245775
-0.2613298
-0.2748365
0.06399218
0.4148593
-1.314319
0.6048047
0.8495605
-0.9393905
0.6591252
0.508979
-0.3687599
0.3941394
-0.3813916
-0.3444975
-0.1150993
0.5932486
0.3238449
1.49129
-0.9412715
0.7537283
-0.3008099
-1.136164
-0.01904104
-0.2288327
0.571103
-0.4184914
-0.1335243
-0.1337029
0.1146156
-0.2676333
-0.5566781
1.338452
0.7191499
1.031814
-0.8057752
0.2818184
-0.2630102
-0.2825693
0.2261239
0.675297
0.205429
-0.09332403
-0.2805009
-0.3000765
1.139235
0.684751
-0.4806864
0.9774224
0.7131762
0.7443087
-0.8172231
-0.3653642
0.2376384
1.269976
0.6827141
1.598616
-0.6186461
0.1771445
-1.085518
-0.2508043
-1.082065
0.488375
1.094674
-0.4292589
-1.063169
0.3797112
-0.3253794
-0.05433175
-0.2902747
1.782703
1.188698
0.3521133
1.222718
-0.2781655
-0.768963
1.30721
-0.782275
-0.6829529
0.07026322
0.07021388
1.116743
-0.6615645
-0.3674849
0.1051315
-0.1051315
-0.4216468
1.085632
-0.3838716
1.026186
1.186904
-0.6519173
-0.3448235
-0.6584669
-0.8730649
-0.4746432
0.351806
-0.4928776
0.1234533
-0.6719765
-0.2131436
0.9379752
-1.009126
-1.163327
0.80682
-2.312239
0.4376319
1.552662
0.1074329
-0.1791214
-0.1973973
0.8585339
0.1779325
0.8497118
1.365566
-0.05217483
-0.9263354
0.5777789
-0.2447107
-0.0700295
-0.1226674
0.5246665
-0.594824
-0.5454419
-0.1765838
1.699852
0.6926464
0.1379507
0.3268866
0.4797801
-0.9618779
0.2585548
-0.1550508
-0.7788899
1.859242
0.3745263
0.4408329
0.3040538
-0.6599546
-0.01698434
0.996883
1.253046
0.4803334
-0.04958149
-0.9300864
0.7811898
-0.1822846
0.01658097
0.4797771
0.5759899
-0.05014933
-0.9239849
0.7231178
0.03350662
-0.4532882
3.293632
0.8269252
-0.5018258
1.337978
0.04802607
-0.90033
0.8523039
-0.8200092
0.3867249
-1.262355
-1.361015
1.132736
-1.529754
1.382732
0.505506
0.3409909
1.17639
0.5272857
0.07964888
0.09549839
0.3018014
-1.132477
-0.2569883
-0.1448456
-0.7436174
0.3563308
0.1938329
-0.2261703
-0.6978851
1.101405
-0.9061574
0.9544675
-0.2902285
0.01614281
0.7559371
0.2560403
0.3350606
0.3498192
-0.9249015
1.020097
-0.1904814
-0.4139452
-0.3836341
-1.224634
0.3398871
-0.1131674
1.509098
0.8251395
1.053223
0.3590115
0.3266691
0.4802812
0.200734
-1.038847
0.9308149
-1.211763
0.7939606
-0.1707145
-0.9676978
1.308838
1.200197
-0.7060653
1.087717
0.7892042
0.3320273
0.09035789
-1.15066
0.1825701
-0.6710445
-0.4908742
0.2610729
0.4590738
2.02515
0.6858627
-0.4467659
0.6693908
0.1037263
-0.05924771
0.6204749
0.1765675
0.01470349
-0.04410716
1.517836
-0.5956349
0.769301
1.521047
-0.08547889
0.5968443
-0.3121914
-1.01422
-1.300599
-0.8618809
-0.1468299
-3.240296
-0.3039932
0.5010933
-2.220778
0.03096537
-0.06193826
1.338784
0.8068827
-1.527913
0.7363183
0.639853
0.967212
-2.189528
-1.221886
-1.378903
-2.233663
-0.113003
-0.8597636
-3.178026
1.435991
3.390157
-0.8045093
-0.5020674
0.5989472
1.282891
-0.5271972
-0.2887408
0.7840696
-1.866205
1.130315
3.626445
1.246455
0.5186167
-1.920035
1.04907
-0.4614747
0.8291178
0.2748527
-1.89339
-1.771618
-0.8578311
-1.413906
-0.161942
2.433679
-0.5392564
0
1.796733
-0.03124111
0.7006609
0.6187192
1.984804
-0.3483053
-0.7002611
1.093905
-0.1663515
0.07565209
-0.6220193
-0.3506315
0.487509
0.2276941
-0.8680471
0.3359312
2.141535
0.9060605
-0.3703442
0.4147025
-0.3108685
-0.2820782
-0.3574721
-0.2838925
-0.07484807
0.4184088
0.8020262
0
0
0.7369228
0.5272427
-1.694086
-1.210682
0.0300648
-0.6031291
1.142861
-0.1945631
0.1347363
-0.2096741
0.4189215
-0.9299648
0.9747415
0.238479
-0.492503
0.4180459
0.2380886
0.6370866
0.2802199
-0.2211596
0.2800527
0.08827076
0.9513445
0.1164698
-0.8914944
0.07336648
0.1172874
-0.07329217
1.064698
0.173943
0.3758238
-0.6223338
0.24651
0.750252
0.3157309
0.08593188
0.0143183
0.6989513
0.7646597
-0.6936085
-0.2132975
0.05692548
-0.1708718
0.3698477
-0.3840913
1.471437
0.1122989
0.02806018
-0.5061884
0.3939211
-0.6338556
1.096142
-0.02796212
-0.2099263
-0.2946324
-0.7616399
0.4943254
0.9674029
-0.5316155
-0.8310543
0.8871496
1.129163
0.4287969
-0.1242968
0.6474321
0.5613707
-0.2186926
0.341506
-0.2457669
0.4092705
0.4076131
0.3789404
0.404426
-0.404426
-0.1486988
0.4454364
-0.175234
-0.05098485
-0.2346038
-0.04145541
1.236281
0.06824083
-0.109202
0.395284
-0.286082
-1.512064
0.1384161
0.09677182
-0.76289
0.638446
1.12809
-0.1231898
0.05477295
-0.342817
1.215113
-0.5033715
0.882621
0.6468089
-1.638602
0.1909679
0.1089658
0.6783359
0.3778676
0.8316652
-0.2005785
-0.321756
0.7758227
0.2794206
-0.3994181
-0.4278068
-0.3892898
1.269652
1.345485
0.1178588
-0.0392771
0.1439139
-0.5111734
0.4457897
0.3134767
0.05215384
-4.110994
0.7037585
-1.030242
-1.358135
-2.093588
3.05579
0.02736187
1.169286
0.1620686
0.6456883
-2.415639
0.04119742
0.4520889
0.1229374
1.53088
0.8434424
2.110616
-0.3792603
0.235572
0.03920526
-0.4452557
-0.8832764
0.8701486
0.1574004
0.2617779
0.8331202
0.4139708
0.3608246
-0.07720811
0.743882
-0.4867503
0.6654811
0.3310863
1.049639
0.01258127
-0.03774198
-0.3782185
1.142874
-0.9787994
-0.06307596
0.9294194
-0.4636242
-0.2137511
-0.3656687
-0.101114
0.7558597
0.1379577
0.935577
0.1488876
-0.8216214
0.5484976
-1.996432
1.672682
-0.374863
0.1751092
0.1498528
-0.512912
0.7621605
-0.4615997
0.08749441
0.5109305
-0.9617214
0.6380233
0.1246234
0.4225668
0.4948688
0.6519473
0.2693784
-0.514894
-1.448491
-1.723208
1.085185
0.3382786
-1.79207
1.290509
0.7389297
0.8078115
0.5554508
0.0984269
-1.187544
0.9043054
-1.390802
-0.02501783
-0.5015607
0.7139748
0.07485604
0.7331466
1.438173
0.4748275
-0.4992438
0.7176381
0.2420978
-1.228653
0.9380639
1.384815
-0.07178484
-0.227635
-0.3364248
-0.3496215
0.5660203
-1.038146
0.6048886
-1.51914
-0.2697747
-3.384225
-1.394157
1.76182
-0.1266293
0.1645944
0.3031423
-1.819967
1.085786
0.3424486
1.607671
-2.894725
-1.733554
0.1955561
-0.968465
-2.368704
-0.4318499
0.9154613
0.321112
-0.0668183
2.338444
0.4429932
1.727074
-1.066233
-2.035293
2.26749
-0.6982187
1.736488
0.9139447
-1.463784
0.3711543
-1.221012
-0.4146699
1.712297
0.1020703
0.4199303
-0.5858381
-1.414996
3.19996
0.899334
-0.0870808
0.4346461
0.2228005
0.1235706
0.4927256
1.31838
0.157526
1.275288
-0.2513613
-0.4564635
0.3485384
1.01463
-0.9306821
1.108672
-0.1898615
0.4621685
0.4364952
-0.8155531
-1.554873
1.055162
0.2382712
-2.225921
-0.1217518
1.403197
-0.2164509
0.4563993
1.793292
0.7271087
-0.7977517
1.403528
-2.124614
0.5560502
-1.605551
1.499309
-1.751402
0.1801277
-1.962742
-1.653138
2.651442
-0.1576103
-1.66385
0.320239
-2.679457
2.211075
-2.286887
2.484364
-1.578355
1.343807
2.803006
-0.8205684
0.5437813
-0.37429
-0.6309901
1.149783
0.9461721
-0.3941501
1.023941
-2.640573
1.986943
-2.059941
-2.739223
-2.149538
1.244781
-0.8238871
0.7102096
1.417936
0.4080547
0.2795813
-0.6110053
0.8518248
-0.6222617
-0.3573244
0.1660571
-2.298059
0.1044271
-0.5625715
0.718998
-0.1042538
-2.015212
1.583978
-3.301689
-2.037395
-1.517179
0.5733818
-2.828642
-0.5898828
3.446418
-1.460497
1.111358
0.5997652
-0.4599655
1.056144
1.65883
-1.02495
-4.696495
-0.08641508
-0.5055971
-1.033572
0.5253962
2.131422
0.6816314
-0.4539121
0.3689544
0.9725971
-0.5203636
-0.1834684
1.263354
1.577667
1.47202
0.3241909
-0.9621315
-2.537373
0.2928659
-1.529527
1.194754
-1.435426
-1.183448
-0.5032707
3.108169
0
0.1675543
-2.443112
-1.526963
3.016887
-3.686856
1.493971
1.811882
1.44574
0
-0.08365486
-0.08371423
0.3622714
3.108345
0.2154942
0.2955417
0.3347845
0.6130875
-1.055242
-0.822496
-0.3118915
-1.353678
0.2200264
0.6980993
3.102384
-1.117038
0.7062448
0.7803803
-1.046299
0.5178946
-0.651118
0.8231524
0.5800968
-0.8846677
0.5422893
0.6049442
0.2749684
0.1698318
0.7412739
-1.764635
0.8665981
-0.8006878
0.9966016
-0.3398277
0
1.687698
1.075549
-0.408372
-0.9249728
-1.142282
1.15518
-1.142124
-0.1959906
-0.01308359
-0.2226116
0.5621303
-1.04836
-0.2110025
-0.5825546
1.646183
-2.915655
-0.1345697
-1.711304
-1.282158
-0.3474882
0.9147719
0.5091817
0.3015368
-0.8245188
-0.1933696
-2.208646
-0.0141396
-0.4533868
1.062173
-2.566656
0.2640468
0.5988419
-1.083463
-1.602649
0.6411716
-0.8658089
0.5233754
-1.306035
0.8575988
-1.585542
-0.2133162
-1.614544
1.82786
1.510603
0.6426089
0.5792816
0.340065
0.3683259
-1.840358
0.2094859
-1.688316
0.9832933
0.9289893
-0.9892212
-1.502417
-0.9525372
2.500128
0.03011346
-2.022117
0.4138201
-0.09180852
-0.722138
-1.585356
-0.3924338
-0.6627794
-0.5079375
-1.136283
0.5937566
0.3992016
0.4610901
-1.582898
0.4983557
0.9416719
1.278525
-0.2984358
-1.553613
-0.4162659
-4.378109
-0.3694409
2.212888
-3.29544
0.9647186
-0.2192011
1.939211
-4.348144
-0.7463373
-3.890025
4.445968
6.846143
-3.473316
-1.417027
0.2884019
2.277776
-1.065434
-11.83689
5.889428
-0.7487966
-4.464707
-0.3937352
-5.820878
-4.79244
-2.260578
-6.169356
-3.798511
14.74508
-2.078902
-11.28297
5.7236
-2.155883
6.185295
-5.804081
-7.576218
2.173229
-6.691952
-5.396905
12.91229
0.2340233
3.446241
0.6527899
0.4030471
6.635251
-5.590448
-6.675243
5.496268
-1.510563
-3.349431
-5.529476
8.172186
-5.913862
-1.837162
0.1729043
-6.922205
-5.6583
6.867567
5.811607
1.808009
1.083697
-0.04791716
-8.524832
5.285785
1.327775
-3.126028
1.252209
4.644082
-0.930903
2.603692
-0.4449112
0.9808534
0.255313
5.589557
-0.5054406
-3.110216
-1.465227
-0.6942849
-0.7530839
1.318279
0.4666403
0.02328026
2.957906
1.346525
1.28462
-1.619558
1.067863
-1.741114
1.475218
-3.522607
-2.442832
-1.854105
-4.189219
0.8966437
0.5933238
-7.602488
4.777648
-2.360289
-0.7034019
1.941808
1.92997
2.900195
-4.65084
-0.9515276
-0.9867675
2.830132
-0.5086398
1.417737
2.286386
-0.02457583
-5.091827
1.080262
-0.3074529
-1.08361
-5.464381
-0.08222136
-0.1372018
-1.465932
-3.891983
4.086831
-2.791658
-0.8327456
0
-5.909395
-0.3984601
4.356995
-4.111602
-0.183987
-2.738195
6.503135
0.5600547
2.238142
0.6589306
1.079252
2.593204
2.822431
-0.05353265
-1.40201
6.948142
-3.191206
1.531106
1.330273
-3.254415
-3.881124
2.559752
2.573671
4.412486
0.5689536
-2.093796
-2.112848
0.9983437
2.639346
0.9874115
-0.9626132
1.305919
0.6344635
-0.3411305
-4.187006
2.264813
-0.7994058
2.477213
1.529715
-1.187752
-0.9555377
2.528092
0.6221541
1.16212
4.06616
-1.001144
2.395057
-1.688658
4.245554
-2.57923
1.066203
-3.46179
0.9787276
-0.9101362
3.746088
0.898646
0.6524559
-0.7616213
0.5663319
1.978555
-1.956843
1.015459
1.979421
2.43584
0.8601362
-3.022376
0.6285363
-1.239903
-0.2116908
1.221588
0.1882236
1.698819
-0.514881
-3.658949
-1.163298
0.2812886
-0.173006
1.56773
-3.270464
1.306784
0.08872259
2.084553
-0.1956292
0.8449822
-1.171883
1.64541
-2.919597
0.1325706
-2.45878
-0.4081628
1.21953
-1.174095
1.733692
0.5342894
3.362028
0.8763542
-0.3624375
1.924966
0.626566
0.2495383
1.668245
0.6108756
0.1014569
-0.4267932
-0.8179957
1.931937
1.519114
2.294448
-0.155223
-0.4086
-0.6258564
-0.09815101
-0.6106535
-0.5746605
1.126383
1.521087
-0.8552018
-3.273772
1.719692
0.8488852
0.7051945
2.162663
-0.01910102
0.9886023
-0.4170655
0.7570106
0.05654305
-0.7375928
-2.518155
-0.1168637
0.7765476
1.516202
1.961589
1.225185
0.8817096
-0.1280994
0.2012273
0.01827032
1.95411
-0.6471356
0.2701433
-1.066822
1.372115
-0.8644022
-1.475842
-0.4230672
1.35484
-0.6019217
0.03658402
-2.650021
-1.114166
1.432904
1.67073
0.3675124
1.438615
-0.2534458
0.5963718
-0.2164468
2.373201
0.4574278
-1.521077
1.59126
-0.5276109
-0.335599
0.9684018
-1.58958
-1.524827
-0.7985498
-2.434645
2.907284
-3.393908
0.9708825
-0.3909521
1.002237
1.284417
0.2912783
2.761024
-0.5319141
0.301762
-1.464049
1.393134
1.5837
-0.6656153
-0.3168451
-1.90448
-0.5586119
1.773131
-0.4091508
1.32804
-2.92721
0.3254989
2.707199
0.1580202
-0.228333
-0.3522992
-0.5485235
-1.754116
-0.1264792
0.3068826
-0.0360564
0.9689669
-1.113314
1.166869
-2.384074
0.2373371
0.2913313
0.6328054
0.907449
0.3966834
0.4309621
0.1611302
-0.4123035
-0.7030216
2.589202
0.08809561
0.4217954
-0.3865763
0.7891315
0.8176126
-1.185097
0.8379938
0.7620374
-1.582505
0.9768109
-2.58476
-2.160691
-1.966793
1.217727
-0.5701135
-0.1107243
-1.694481
-1.456568
1.812736
1.651711
-1.054694
-4.158955
-0.1746734
-2.001245
3.102385
-0.6360204
0.9237942
-0.8658084
2.197893
0.1322368
0.5647589
-0.6214156
0.1887189
-1.424118
0.6291091
-0.6099905
0.6099905
0.7761502
0.7514618
1.190712
-0.25926
1.928256
0
-0.2367315
0.4184566
0.3805362
0.6669672
-0.7031483
1.258559
0.5345685
-0.5881876
-1.024177
0.2885485
0.6998675
-1.658888
-0.05455844
0.9775544
0.8431335
0
0
1.753035
0.1052595
-0.2809484
-0.7058396
-0.1063103
1.303296
0.3144673
-0.08725844
1.318094
-0.06894279
-2.231611
-0.2648086
0.6167925
-0.6521548
-0.9059442
0.7466654
0.1062162
-4.099157
0.0184279
1.536242
-1.260173
0.7142226
-4.040386
-1.937715
-4.55795
-0.2232827
6.280978
-1.635443
1.118843
-1.313015
-2.878745
0.1399292
-2.181027
0.3871609
-3.539641
2.414771
-2.330524
-0.3796691
-1.490341
5.528578
-1.946984
-0.9983445
2.640415
-0.305836
-4.361673
-1.266519
1.585968
-0.3621222
4.138523
0.1432216
0.6318186
3.12025
-0.4737451
0.3160809
-0.1776734
-0.01976415
-1.272887
0.6678153
-1.755148
0.5748298
-0.7396715
-3.483356
-0.6856756
1.451466
-0.2121304
1.976512
3.075272
0.9644439
0.09993535
-0.3802708
1.827991
0.3537728
0.4892862
-3.254253
0.6433452
0.6790531
-1.82791
3.309711
1.16983
0.6953885
0.288318
-0.5195766
0.4619812
-0.3077517
3.315639
-0.1491937
0.09327324
-0.07461514
0.2981184
0.1115667
-0.8023174
-4.659138
-0.1178354
-0.3543323
0.8052686
1.108851
-0.03870083
-1.619385
-1.047956
-0.198969
-1.383756
0.1009166
-0.04035631
1.938707
-1.455512
0.3008071
3.502233
0.5591392
0.9186735
-1.40051
0.7698291
0.9350372
0.3034328
1.80151
0.667287
0.03694235
-0.4813074
-0.4836286
1.719241
-0.01833498
-0.1467578
-1.089076
2.745918
-0.5068844
0.5790802
-0.1625203
-0.7437746
0.9964812
-1.452729
2.795751
0.8325216
-0.3357164
0.6527308
-0.123163
-0.211489
1.122817
0.6954152
-0.3297219
0.2257167
-2.227187
1.86232
-0.5410644
0.2621728
0.3832706
-0.6454434
-0.967208
0.7745134
-0.03507645
-0.369035
1.641388
0.690368
2.244992
-0.4382246
-0.6099646
-1.007782
0.2914169
-0.8595539
-0.8321824
-0.069656
-2.380019
0.5515553
2.470993
0
-1.079021
-3.055845
1.57512
-1.683426
-0.888891
-1.136171
2.798657
1.881827
0.9626372
-0.4539083
0.05247709
0.2968621
0.261214
0.2258343
1.07008
0.1543877
-1.328637
0.554306
-0.554306
0.22556
0.8327394
0.1906576
-0.05195909
-0.2081209
0.08677257
0.8635633
-0.482681
0.6029866
0.8210779
-0.3071145
-0.4281206
-1.156484
-0.4001049
-0.1744564
0.678675
2.178663
0.271139
0.6073926
0.6538714
-0.6875179
-0.8618604
0.5416464
1.057851
-0.2006337
0.6339712
0.2325576
-2.248417
0.8617069
2.344442
-0.08220172
0.01644843
-0.03289382
0.3120601
0.6538135
-0.2936854
-0.6557428
0.04933336
0.1970751
-0.2957604
1.194091
0.3408808
0.3397227
-2.900173
0.1329088
0.08297933
1.187351
0.8975977
-1.407092
0.5258852
1.270378
-0.9104286
-0.9682532
0.3128385
0.03286836
-2.512818
0
-1.802467
-2.115559
-3.151129
3.273731
1.373333
2.438938
-0.2868444
0.118213
1.324524
-1.105352
-0.0505403
0.520968
1.183051
-0.4815238
0.9442626
0.1318138
-0.2472964
0.8219676
-0.4923747
0.8192739
-0.1960128
-0.9363516
0.2966397
0.4433142
-0.1475538
-2.072183
0.7343128
2.512239
0.6465219
0
0.7703448
1.239296
0.6766833
-0.4716246
0.6439976
-0.8174854
-0.8560575
-1.993958
0.04871086
0.7117515
0.9465066
-2.032332
0.3253627
-1.571483
-0.1816548
0.2146482
0.6084019
0.5721291
-1.428243
-2.342023
0.5738351
0.6374809
0.9321005
0.7263126
2.051191
-2.397182
0.5103333
0.04924663
-1.30505
0.910375
-1.293547
1.029566
-2.340067
0.152092
1.757513
-3.340391
-0.3437045
0.976453
-0.1194027
2.144449
-0.9737449
-0.8635635
-0.9586189
0.8197512
1.191413
1.735624
1.440321
1.09146
-0.5938657
-0.6307026
0.8620748
-1.24576
-3.071945
-0.6744513
1.481256
-0.8757729
0.3443555
-1.489206
1.489206
1.178995
2.101093
0.09975326
-0.6334418
0.6002024
-2.456794
-0.2387855
0.255817
-1.268441
-2.674755
0.5829922
-7.230743
1.745704
-7.754927
6.519187
-6.157886
4.677498
1.140701
2.298523
-1.470207
0.5794982
-4.987183
-1.719247
0.6358127
3.196529
0.03836074
-2.445778
1.559788
2.351699
-0.5875069
1.808297
-1.239686
-2.255448
-3.341505
2.934728
-1.999676
-3.526813
-0.4316993
1.065585
1.497091
2.145498
0.03930074
-2.789027
0.403227
-3.023104
-3.288665
1.129471
2.034684
2.440894
-1.716781
1.939431
-3.455714
-2.672477
1.662794
1.53155
2.650388
-0.691763
3.746806
-0.1771481
1.44732
0.03882769
1.157864
-2.329299
1.423449
-1.816989
0.2559752
2.390095
1.486589
-1.73652
1.357441
5.378733
-0.5775127
-5.334349
-3.181027
0.8438806
2.489757
-1.266083
0.4238141
1.203799
-5.264373
1.17426
2.4625
-1.792018
-0.2755362
-1.930218
-1.090923
0.3447267
-2.562927
-0.2911884
-2.78793
-0.5153507
4.174298
0.6585742
4.981531
-0.8624162
-0.01968374
1.135481
-0.468288
0.7016211
-3.337268
2.45947
-2.962742
-1.361392
-1.193679
0.4956676
-0.4128831
-0.9352669
3.4662
-0.5321375
0.8988799
0.6890984
-0.4453379
-1.822141
1.822141
0.4857275
2.689141
-0.591366
-1.493904
-1.374036
0.3858235
1.508626
-0.3199352
0.4197058
-1.082828
1.182497
1.659789
1.227011
0.5212891
0.3843944
-0.5578564
1.036281
0.03817698
0.1716077
-1.188213
0.519182
1.560451
0.2074895
1.551872
-0.4835473
0.6133329
0.3514265
0.2581571
-1.915088
1.138605
-0.7451626
0.1121316
1.372676
0.4411808
0.01833691
-0.2938488
0.8242587
0.6001684
-0.5090043
0.9251802
-1.308636
1.127898
-0.9268555
-0.5308953
-3.245943
1.224925
2.131093
-0.3305795
-0.2578739
1.609983
-0.8932657
0.9477019
0.68691
0.5210701
-1.189846
-0.6550255
-0.6960957
0.6960957
1.269746
-0.6328547
-0.6916673
-0.6413199
0.8967006
1.159221
-1.762235
-2.261453
-0.6017318
-0.4347408
-2.163801
1.384108
1.816166
-1.930782
0.7236779
1.581359
-0.5243508
-0.6026384
0.9587477
-2.022179
0.798631
1.354425
0.596127
0.4077875
-0.5750907
0.408471
-0.7812583
-0.8815547
-1.537764
0.7243655
-1.550421
-1.164154
0.4672856
-0.6235384
-1.934143
-1.263432
-0.9938174
-1.230536
-0.7248642
2.179358
-0.3667424
-0.8198476
-0.6607475
-0.3528117
1.260217
-2.389222
0.4196329
-2.566145
0.8343183
0.7217179
2.753615
0.1439289
-0.329285
-0.9735921
1.651564
-0.8017284
0.7402863
1.403744
-0.2832283
1.647617
0.5762577
-2.652418
0.8500103
-2.25479
0.6524228
0.9395643
0.2076032
3.544877
0.6583592
0.9105348
-1.669022
-0.94616
-0.222734
-0.6712145
0.3056578
-1.001955
1.408041
-0.02026373
0.2833438
0.7851062
0.9181748
-2.372447
-2.076346
-1.08606
0.5236174
3.004346
2.08633
-0.1191858
-0.6180877
0.01999407
-1.409603
3.350263
0.7035356
0.8339026
-0.05795136
0.05795136
0.1736635
-0.4831405
0.2322039
-0.2903349
1.232917
0.1339319
-0.1147829
0.572629
-0.1142667
-0.5732856
-0.1534368
0.05757064
-0.09595817
-0.3077
-1.494151
0.8759113
-0.5051469
-0.2730623
2.450206
1.494395
-0.7917085
1.129103
0.6528082
1.512944
0.9839747
-0.5272288
-0.4201284
0.4201284
-0.6400349
0.05502602
-0.3489808
-0.7016223
-1.005597
1.19071
-1.998758
0.8080482
0.3922644
-0.4109868
1.209432
0.1293771
-0.5928119
-1.459878
-0.2832088
0.6407851
-0.1127847
0.9732446
1.644082
0.930066
-0.381922
-1.357572
0.699435
-2.169366
0.05622006
0.5976858
-0.1490905
-0.07462044
1.168946
-0.9638638
-0.2424179
0.9476946
-1.509394
-0.905324
0.03788479
-0.07578603
-0.4940131
-1.053143
0.3266987
-0.05757321
2.146129
0.150204
0.1687131
2.131094
-0.2386434
-0.4974695
0.7177716
0.8582203
0.1271909
0.1270293
0.2535775
0.1446167
0.1985031
0.0360499
0.1080638
0.5744048
0.3216585
-0.303759
0.3572736
0.4092878
1.035907
0.3547374
0.6705519
-0.6174516
-0.2657898
-0.0177486
0.4603444
-1.065544
1.50619
1.535809
-0.9746004
0.5058904
-0.4359582
-0.5608148
0.5083678
1.268368
0.2069725
0.1205324
-0.1549993
-0.4837585
0.8106961
-0.1031249
0.05157572
-0.1031837
0.4806088
1.072985
-0.4924808
0.6786558
0.101405
-0.3723171
0.7937249
-1.816225
0.4614208
-0.01705554
-0.8219218
0.6341596
-0.1025589
0.4947493
0.2379785
-0.5447732
-0.2563913
1.173979
-0.9858958
-1.514661
1.429214
-2.422686
0.8025157
1.260484
-0.1030009
-0.206332
0.4293692
0.9890977
0.2542187
0.2873296
0.2191697
0.302675
-0.5049721
-0.1519891
0.975457
0.2006343
-1.10851
-0.3044669
0.6080095
-0.9134044
0.8628797
-1.254469
0.6292045
-0.4928229
0.4758657
-1.34849
1.059845
-0.4943351
0.88466
-0.4583658
0.3905919
0.3552979
1.475301
0.77912
-0.2479982
-1.989531
1.408474
-2.103214
-0.3065409
0.7984369
0.4221194
1.40541
0.8602218
0.5257119
0.08189726
1.268928
0.1292359
-0.5991405
0.3081143
1.271034
-0.1279765
0.1599459
1.049295
-0.9694175
0.1117234
-0.04786441
0.1913256
0.429151
-0.6843355
0.6843355
0.5535837
0.204833
-1.012505
-1.441405
-0.874926
0.2600351
-0.9622516
0.3925383
-1.961652
0.3821551
0.3641799
-2.255928
0.5561695
1.335579
0.0994552
-1.233557
-0.1174797
1.51657
-1.097633
1.427886
0.7063693
-1.88373
-3.738754
0.3284617
-1.583055
1.271904
0.3974159
1.001335
-0.19179
0.937997
-0.5026449
0.0347462
0.4678987
0.6204787
0.5483216
0.2900757
2.556911
-0.6665552
0.6167182
-0.06649086
0.2988551
0.6609434
-0.08238317
0.5588437
0.2128548
-0.1309288
0.1963325
-0.6230558
-0.9585242
-0.01660975
0.2322486
1.349592
0.8140716
-0.2110184
-0.1463536
-0.4403504
0.8949685
0.1780386
-0.2752847
0.6465215
0.04831806
-0.8408793
0.178465
-0.7157963
-0.1307006
-1.184026
0.9712812
0.8645341
-0.7335606
-1.71621
-0.116585
-0.1667754
-1.242882
1.908333
0.8913853
-0.08220181
0.5412976
1.364766
1.123242
0.3504323
-0.5740736
0.4786272
0.7768526
0.06315267
2.63235
-0.4777043
-0.7286299
-0.03111843
-0.1557609
0.1090585
0.4195441
-0.3572762
-0.7184199
0.5314998
-0.03118151
-0.6571787
0.2351985
-1.039053
-0.7784571
0.4296982
1.778589
0.5290255
0.3408232
-0.4805909
0.7431576
1.317826
0.5919405
0.1512151
0.9923343
-0.9772211
0.6925638
-0.2854828
-0.1656503
0.2107791
-0.3616064
-0.5600608
-0.4869147
0.4869147
-0.8689729
0.8689729
-1.591222
0.5843547
0.2144271
-0.3371669
0.3218635
0.4580206
0.8040675
0
-0.2572021
-0.6993021
0.623522
0.2876437
-0.3028079
0
0.2423197
0.196444
-0.7424799
-0.7020772
-0.5375103
-0.5713893
1.231358
-0.1071405
-0.1685954
-0.9401334
-0.7304417
-0.06241364
0.7153982
-0.4348489
1.560797
0
0.5702457
1.024392
0.1975608
0.5450434
0.5120433
0.4197265
0.3732735
-1.789378
0.1061483
-0.1213257
0.5598797
-0.03017934
-0.07550426
0.9172306
-0.8719148
0.7970548
0.4185345
-0.04475866
-0.2989158
0.4778272
0
-0.6725946
-2.782816
-0.4636731
0.8637987
-1.127517
0.5112752
-1.714504
-2.064875
1.148883
0.2060413
1.757733
1.298324
-0.3384117
1.574594
0.1667055
0.3023829
0.3767061
0.8536179
-0.673299
0.3446934
0.1943127
0.8623328
-0.2371474
-0.3418754
0.3418754
0.1779129
-2.140961
1.963048
-0.08907055
1.034284
-0.5453555
-0.6226938
-0.7313977
-0.375236
-1.882262
-0.2147555
1.251351
0.6198456
-1.228307
-0.3821753
-0.1993062
0.2605526
1.080927
-0.01514751
0.4985309
0.7506421
0.5072307
0.6378421
0.1920451
-0.2807978
-0.3112722
-0.4761901
-0.05968531
1.275415
-1.784164
-0.6018696
0.5718557
-0.421052
1.228111
0.519634
0.133191
0.4132225
-0.2359252
-0.01475481
-0.4884222
0.3110878
0.6486864
0.3959769
0.2777196
-0.1606904
-0.07313008
-0.1757136
0.1171726
0.01464197
-0.1464758
0.6574612
0.1455151
-0.1892111
-0.4380243
0.2192512
-0.2046172
-0.6311018
0.7772992
0.131402
0.2622763
0.710505
-0.3328687
0.6070234
0.01441049
0.201497
-0.2447363
-0.02882634
0.6896523
0.5426324
-0.09973574
-0.2140589
-0.5012523
0.02870633
0.07174502
0.02867752
-0.07171378
0.8572682
0.5391572
-0.1699403
-0.2696798
-0.6273224
-0.03516598
0.07325862
0.05857434
0.08780481
0.8737465
0.1593642
0.2024576
-0.7831823
-1.053876
0.3231988
-1.106124
0.0593038
0.7383377
-0.2504201
0.6175555
-1.283492
0.7838512
-0.3689761
0.4426138
0.2058815
0.2347818
-0.4112314
0.01471882
-0.2062151
-0.1475549
-1.682722
-0.6931893
0.4676863
-1.287614
-0.2442307
-0.8133234
0.5838052
0.3822335
-0.07632294
0.5634608
0.5301012
-0.1057957
0.64813
0.2401018
-0.3152432
0.4201038
-0.4802654
0.6448254
0.01494982
0.1940982
-0.448503
-0.04495802
0.1946795
0.7007122
-0.4765447
0.01492973
-1.065355
-0.2870355
0.5732479
-0.5581171
-0.1362356
-0.2122812
0.4241252
-0.712937
0.7733679
-0.3480312
-0.4405642
-0.8409233
0.5054017
-1.477402
0.4177257
-0.9306706
-0.07794114
-1.192361
-1.079034
0
0.6361378
-1.710816
1.568038
-2.719619
-1.512189
-0.1325851
0.2484499
-0.5973149
-0.9363062
1.847436
0.6246952
1.189228
-0.7314141
0.9578772
0.547859
-0.5640148
1.507644
-0.76702
0.7192559
1.83057
-0.8637659
-0.5694426
0.1901731
-0.5397702
0.04774294
0.4445204
0.6001229
-0.8538909
0.4752861
0.1421463
-0.395352
1.087394
-0.2982482
-0.5991832
0.8660782
0.5784473
0.1713264
0.3882905
-0.8093433
-0.09381123
0.281162
-0.1248664
-0.3285088
0.2191257
-0.8793988
-0.5377198
-1.276754
-0.128574
-1.948746
-1.670149
0.7144673
1.188262
1.768512
0.1459738
0.4850446
-0.3231032
0.4520547
0.2574003
-0.7256353
-0.9267605
-0.6226482
-0.4282624
-2.388823
-1.139181
1.105362
1.34388
-0.4850756
-0.2350153
0.5029323
-0.2846817
0.635236
1.291413
0.3448552
0.7838051
0.3734069
-0.5687817
1.359685
0.1445902
-1.504275
1.359685
-1.588107
1.201506
1.585177
-0.829484
1.368141
-1.256078
-0.4811549
0.9122252
-0.5431327
1.541795
0.6602722
0.2347623
0.5922678
0.1242453
0.9269307
-0.3543031
0.6153776
0.0766631
-0.2762437
0.0460905
0.1534901
-0.6153776
-0.4020445
0.2321463
-1.369673
0.1565907
-2.198932
0.2555911
1.236734
-0.5847496
1.11909
-0.2510986
2.114508
-1.176123
2.186392
0.5013218
-0.2123781
-0.4718741
-0.8735018
0.2613137
0.06139009
-1.561689
0.7142863
0.8627467
1.007328
-0.1367617
0.4248839
0.1361838
0.1963971
-0.6358929
0.7414813
0.4512574
0.2697848
-1.265262
0.1060507
0.8894266
0.1949232
0.3737764
0.5803151
0.4884219
0.118038
-0.8738799
-1.061849
1.106467
-0.1041431
-1.499729
0.2565437
-0.3321275
2.287275
-0.8758364
-0.0596581
0.7431666
1.192326
0.1169955
-0.3367189
-0.382019
0.1911859
0.527552
-0.6451561
-1.810947
0.9689298
-0.1781771
-0.9706661
-0.270474
0.4653572
0.5526164
-1.078179
-1.196532
-0.1372205
-0.5507979
2.080091
0.2701087
-0.797426
-0.6060537
-0.03040657
-0.2130568
0.8797292
-0.2570464
1.889669
0.2670629
-0.8780416
-0.02889422
-0.04562266
-3.120903
-0.3616062
0.643694
0.1251149
-2.03686
0.03189812
-2.355706
1.635529
3.224054
0.3725531
0.83321
-0.369467
0.8599646
-0.1683384
0.2753139
-0.3059575
-0.7689981
-0.2628092
-1.105155
-0.7383599
1.253547
0.3574969
-0.07760228
0.5883239
-0.2627686
0.07736263
0.5244436
-0.4162445
-0.1855618
1.215307
-1.556395
-0.701321
-0.06257387
0.15637
-0.187674
-0.7700234
-0.8714297
-2.448576
-2.309574
-3.515688
0.9462494
2.335522
1.213747
-0.1488474
-0.7475684
-3.409136
1.472882
0.2377312
-2.316305
2.891311
-0.4055386
0.6581736
-0.01682747
-0.7599407
0.6757897
1.520623
0.04974252
-2.53476
-0.03400803
-2.427178
-0.4715766
-0.2980593
0.891533
-1.986175
-0.1421256
1.884355
0.3135364
1.689985
1.964168
0.1173011
1.248249
0.7907766
0.1803438
-0.1967515
-1.2718
0.199269
1.694263
-0.08159148
-0.3433889
-0.4103404
-0.04935293
1.112759
0.9877835
-0.3712966
-0.8772007
0.650512
-0.7321219
-0.2125081
0.94463
-0.03242726
-0.5528405
-0.1795197
-0.4584205
-1.039179
-0.06634808
0.513037
-1.31264
-0.8397766
1.257034
0.2661345
0.9094719
0.508992
-0.2295506
-0.625718
0.01651341
0.2309467
0.01647925
-0.08240511
1.049704
-1.066197
-0.4793807
0.8086536
-0.643088
-1.483236
-0.4543544
0.01686153
-1.923956
0.1545986
0.4965369
1.995332
-1.280554
-1.056953
0.4622662
0.754329
1.65993
-0.1681221
-0.2358475
0.9901902
-0.6030186
-1.353199
